0000000 3e 
1b 1b 1b 1b 
01 01 01 01 
76 
 05 06 2c 49 7f 
 62 0000020 00 
 62 00 
 72 
  63 01 01 
  76 
   01 
   01 
   05 02 0e c3 2b 
   0b 0000040 09 01 49 53 4b 00 04 4e eb 97 
   01 
   01 
 63 28 9c 
 00
	
0000060 
76 
 05 06 2c 49 80 
 62 00 
 62 00 
  72 
   63 07 01 
   77 
    01
    0b 09 01 49 53 4b 00 04 4e eb 97 
    07 01 00 62 0a ff ff 
    72 
     62 01 
     65 04 fd ac c0 
    76 
     77 
      07 81 81 c7 82 03 ff 
      01 
      01 
      01 
      01 
      04 49 53 4b 
      01 
     77 
      07 01 00 00 00 09 ff 
      01 
      01 
      01 
      01 
      0b 09 01 49 53 4b 00 04 4e eb 97 
      01 
     77 
      07 01 00 01 08 00 ff 
      65 00 00 01 82 
      01 
      62 1e 
      52 03 
      69 00 00 00 00 00 00 1b ce 
      01
     77 
      07 01 00 01 08 01 ff 
      01 
      01 
      62 1e 
      52 03 
      69 00 00 00 00 00 00 1b ce 
      01 
     77 
      07 01 00 01 08 02 ff
      01 
      01 
      62 1e 
      52 03 
      69 00 00 00 00 00 00 00 00 
      01
     77 
      07 81 81 c7 82 05 ff 
      01 
      01 
      01 
      01 
      83 02 e8 53
cf f9 16 ff e4 b9 50 73 48 ad 60 d8 be a0 64 83
08 20 ac ed e8 e8 eb d6 6a 65 ff 05 90 23 4f 06
3e 17 1e 9c 1d c9 ea 15 a1 b0 35 19 39 59 01 01
01 63 c2 52 00 76 05 06 2c 49 81 62 00 62 00 72
63 02 01 71 01 63 59 87 00 
1b 1b 1b 1b 
1a 00 1c
0000460 53 

1b 1b 1b 1b 
01 01 01 01 
76 
 05 06 2c 49 82 
 62 00 
 62 00 
 72 63 
 01 
 01 
76 
 01 
 01 
 05 02 0e c3 2c 
 0b
 09 01 49 53 4b 00 04 4e eb 
 97 01 01 63 f7 e5 00
76 
 05 06 2c 49 83 
 62 00 
 62 00 
 72 63 
 07 01 77 01 0b 09 01 
 49 53 4b 00 04 4e eb 97 07 
01 
00 
62 0a
ff ff 72 62 01 65 04 fd ac c2 76 77 07 81 81 c7
82 03 ff 01 01 01 01 04 49 53 4b 01 77 07 01 00
00 00 09 ff 01 01 01 01 0b 09 01 49 53 4b 00 04
4e eb 97 01 77 07 01 00 01 08 00 ff 65 00 00 01
82 01 62 1e 52 03 69 00 00 00 00 00 00 1b ce 01
77 07 01 00 01 08 01 ff 01 01 62 1e 52 03 69 00
00 00 00 00 00 1b ce 01 77 07 01 00 01 08 02 ff
01 01 62 1e 52 03 69 00 00 00 00 00 00 00 00 01
77 07 81 81 c7 82 05 ff 01 01 01 01 83 02 e8 53
cf f9 16 ff e4 b9 50 73 48 ad 60 d8 be a0 64 83
08 20 ac ed e8 e8 eb d6 6a 65 ff 05 90 23 4f 06
3e 17 1e 9c 1d c9 ea 15 a1 b0 35 19 39 59 01 01
01 63 54 be 00 76 05 06 2c 49 84 62 00 62 00 72
63 02 01 71 01 63 9d 8c 00 

1b 1b 1b 1b 

1a 00 3e
63 

1b 1b 1b 1b 
01 01 01 01 
76 
 05 06 2c 49 85 
 62 00 
 62 00 
 72 63 
 01 
 01 
76 
 01 
 01 
 05 02 0e c3 2d 
 0b 09 01 49 53 4b 00 04 4e eb 97 
 01 
 01 
63 c4 79 
00
76 
 05 06 2c 49 86 
 62 00 
 62 00 
 72 63 
 07 01 77 01 0b 09 01 
 49 53 4b 00 04 4e eb 97 07 
 01 
00 
62 0a
ff ff 72 62 01 65 04 fd ac c4 76 77 07 81 81 c7
82 03 ff 01 01 01 01 04 49 53 4b 01 77 07 01 00
00 00 09 ff 01 01 01 01 0b 09 01 49 53 4b 00 04
4e eb 97 01 77 07 01 00 01 08 00 ff 65 00 00 01
82 01 62 1e 52 03 69 00 00 00 00 00 00 1b ce 01
77 07 01 00 01 08 01 ff 01 01 62 1e 52 03 69 00
00 00 00 00 00 1b ce 01 77 07 01 00 01 08 02 ff
01 01 62 1e 52 03 69 00 00 00 00 00 00 00 00 01
77 07 81 81 c7 82 05 ff 01 01 01 01 83 02 e8 53
cf f9 16 ff e4 b9 50 73 48 ad 60 d8 be a0 64 83
08 20 ac ed e8 e8 eb d6 6a 65 ff 05 90 23 4f 06
3e 17 1e 9c 1d c9 ea 15 a1 b0 35 19 39 59 01 01
01 63 ff 83 00 76 05 06 2c 49 87 62 00 62 00 72
63 02 01 71 01 63 2e 72 00 

1b 1b 1b 1b 

1a 00 a0 4a 
1b 1b 1b 1b 
01 01 01 01 
76 
 05 06 2c 49 88 
 62 00 
 62 00 
 72 
  63 01 01 
  76 
   01 
   01 
   05 02 0e c3 2e 
   0b 09 01 49 53 4b 00 04 4e eb 97 
   01 
   01 
  63 4c 56 
00
76 
 05 06 2c 49 89  <-<-<-<-<-<-<-in this block
 62 00 
 62 00 
 72 
  63 07 01 ->1793
  77 
   01 
   0b 09 01 49 53 4b 00 04 4e eb 97 
   07 01 00 62 0a ff ff 
   72 
    62 01 
    65 04 fd ac c6 
     76 
      77 
       07 81 81 c7 82 03 ff
       01 
       01 
       01 
       01 
       04 49 53 4b 
       01 
      77 
       07 01 00 00 00 09 ff 
       01 
       01 
       01 
       01 
       0b 09 01 49 53 4b 00 04 4e eb 97 
       01 
      77 
       07 01 00 01 08 00 ff 
       65 00 00 01 82 ->386
       01 
       62 1e ->30
       52 03 ->3
       69 00 00 00 00 00 00 1b ce ->7118 -> sum of kWh
       01
      77 
       07 01 00 01 08 01 ff 
       01 
       01 
       62 1e 
       52 03 
       69 00 00 00 00 00 00 1b ce 
       01 
      77 
       07 01 00 01 08 02 ff
       01 
       01 
       62 1e 
       52 03 
       69 00 00 00 00 00 00 00 00 
       01
      77 
       07 81 81 c7 82 05 ff 
       01 
       01 
       01 
       01 
       83 02 e8 53 cf f9 16 ff e4 b9 50 73 48 ad 60 d8 be a0 64 83 08 20 ac ed e8 e8 eb d6 6a 65 ff 05 90 23 4f 06

